Epoch: 10
             precision    recall  f1-score   support

          0       0.97      0.98      0.97       121
          1       0.96      0.97      0.96       146
          2       0.94      0.93      0.94       123
          3       0.93      0.95      0.94       116
          4       0.92      0.98      0.95       133
          5       0.97      0.89      0.93       120
          6       0.95      0.98      0.97       128
          7       0.93      0.96      0.95       137
          8       0.95      0.87      0.91       117
          9       0.89      0.88      0.88       109

avg / total       0.94      0.94      0.94      1250


Epoch: 30
             precision    recall  f1-score   support

          0       0.94      0.98      0.96       131
          1       0.96      0.99      0.97       131
          2       0.97      0.91      0.94       133
          3       0.93      0.90      0.92       126
          4       0.93      0.97      0.95       124
          5       0.95      0.92      0.93       132
          6       0.93      0.96      0.94       118
          7       0.93      0.93      0.93       125
          8       0.92      0.92      0.92       107
          9       0.93      0.91      0.92       123

avg / total       0.94      0.94      0.94      1250


Epoch: 50
             precision    recall  f1-score   support
          0       0.97      0.98      0.97       115
          1       0.96      0.97      0.97       132
          2       0.98      0.93      0.96       134
          3       0.96      0.96      0.96       111
          4       0.97      0.94      0.96       121
          5       0.99      0.94      0.96       131
          6       0.95      0.99      0.97       114
          7       0.97      0.96      0.96       136
          8       0.93      0.98      0.95       128
          9       0.90      0.92      0.91       128

avg / total       0.96      0.96      0.96      1250