Hidden layer: 100
[INFO] evaluating...
             precision    recall  f1-score   support

          0       0.95      0.97      0.96       158
          1       0.95      0.98      0.96       199
          2       0.97      0.93      0.95       195
          3       0.92      0.96      0.94       159
          4       0.90      0.95      0.92       149
          5       0.94      0.90      0.92       155
          6       0.96      0.98      0.97       162
          7       0.94      0.94      0.94       164
          8       0.95      0.90      0.92       163
          9       0.91      0.88      0.90       146

avg / total       0.94      0.94      0.94      1650

[INFO] Predicted: 8, Actual: 8

Hidden layer: 200
[INFO] evaluating...
             precision    recall  f1-score   support

          0       0.97      0.98      0.98       160
          1       0.96      0.98      0.97       161
          2       0.94      0.94      0.94       173
          3       0.92      0.92      0.92       175
          4       0.95      0.98      0.96       163
          5       0.95      0.94      0.95       159
          6       0.98      0.97      0.97       183
          7       0.95      0.95      0.95       168
          8       0.95      0.86      0.90       164
          9       0.89      0.94      0.92       144

avg / total       0.95      0.95      0.95      1650

[INFO] Predicted: 4, Actual: 4

Hidden layer: 300
[INFO] evaluating...
             precision    recall  f1-score   support

          0       0.96      0.99      0.97       141
          1       0.97      0.98      0.97       167
          2       0.97      0.95      0.96       177
          3       0.92      0.93      0.93       148
          4       0.96      0.96      0.96       163
          5       0.95      0.94      0.95       160
          6       0.96      0.99      0.97       186
          7       0.98      0.97      0.97       178
          8       0.97      0.93      0.95       162
          9       0.94      0.94      0.94       168

avg / total       0.96      0.96      0.96      1650

[INFO] Predicted: 2, Actual: 2