Learning rate: 0.01
[INFO] evaluating...
             precision    recall  f1-score   support

          0       0.93      0.97      0.95       146
          1       0.92      0.98      0.95       163
          2       0.89      0.88      0.88       192
          3       0.90      0.90      0.90       162
          4       0.90      0.92      0.91       152
          5       0.90      0.85      0.87       174
          6       0.96      0.95      0.95       182
          7       0.92      0.90      0.91       175
          8       0.89      0.83      0.86       160
          9       0.84      0.90      0.87       144

avg / total       0.91      0.90      0.90      1650

[INFO] Predicted: 3, Actual: 2


Learning rate: 0.1
[INFO] evaluating...
             precision    recall  f1-score   support

          0       0.96      0.96      0.96       164
          1       0.95      0.97      0.96       174
          2       0.93      0.94      0.94       193
          3       0.92      0.91      0.91       169
          4       0.90      0.95      0.93       150
          5       0.93      0.92      0.92       161
          6       0.97      0.96      0.96       179
          7       0.96      0.94      0.95       159
          8       0.94      0.90      0.92       151
          9       0.88      0.89      0.89       150

avg / total       0.93      0.93      0.93      1650

[INFO] Predicted: 1, Actual: 1


Learning rate: 1
[INFO] evaluating...
             precision    recall  f1-score   support

          0       0.97      0.89      0.92       167
          1       0.94      0.93      0.93       182
          2       0.75      0.71      0.73       194
          3       0.67      0.64      0.65       151
          4       0.70      0.85      0.77       149
          5       0.48      0.40      0.44       149
          6       0.88      0.85      0.86       184
          7       0.91      0.91      0.91       171
          8       0.57      0.67      0.61       157
          9       0.62      0.65      0.64       146

avg / total       0.76      0.76      0.76      1650

[INFO] Predicted: 8, Actual: 3