Split: 75-25
[INFO] evaluating...
             precision    recall  f1-score   support

          0       0.95      0.98      0.96       108
          1       0.98      0.98      0.98       141
          2       0.95      0.95      0.95       114
          3       0.94      0.96      0.95       129
          4       0.90      0.95      0.92       117
          5       0.94      0.92      0.93       112
          6       0.96      0.95      0.96       151
          7       0.95      0.96      0.96       122
          8       0.96      0.89      0.92       122
          9       0.94      0.92      0.93       134

avg / total       0.95      0.95      0.95      1250

[INFO] Predicted: 1, Actual: 1


Split: 66-33
[INFO] evaluating...
             precision    recall  f1-score   support

          0       0.98      0.98      0.98       164
          1       0.99      0.96      0.98       189
          2       0.97      0.96      0.96       183
          3       0.93      0.96      0.94       137
          4       0.93      0.95      0.94       173
          5       0.94      0.91      0.93       150
          6       0.94      0.98      0.96       182
          7       0.96      0.96      0.96       160
          8       0.93      0.92      0.92       165
          9       0.92      0.90      0.91       147

avg / total       0.95      0.95      0.95      1650

[INFO] Predicted: 3, Actual: 3


Split: 50-50
[INFO] evaluating...
             precision    recall  f1-score   support

          0       0.96      0.99      0.97       237
          1       0.94      0.98      0.96       299
          2       0.92      0.95      0.93       275
          3       0.93      0.91      0.92       239
          4       0.94      0.94      0.94       238
          5       0.94      0.90      0.92       236
          6       0.96      0.96      0.96       241
          7       0.96      0.93      0.94       260
          8       0.91      0.91      0.91       235
          9       0.89      0.88      0.88       240

avg / total       0.94      0.94      0.94      2500

[INFO] Predicted: 4, Actual: 4